0.05 769.915 1.0622
0.1 769.825 1.12826
0.15 769.73 1.19841
0.2 769.628 1.27292
0.25 769.521 1.35204
0.3 769.406 1.43607
0.35 769.285 1.5253
0.4 769.156 1.62005
0.45 769.018 1.72067
0.5 768.873 1.82751
0.55 768.718 1.94095
0.6 768.554 2.06141
0.65 768.38 2.1893
0.7 768.195 2.32508
0.75 767.998 2.46924
0.8 767.79 2.62229
0.85 767.568 2.78476
0.9 767.333 2.95722
0.95 767.084 3.14029
1 766.819 3.33461
1.05 766.537 3.54086
1.1 766.239 3.75975
1.15 765.922 3.99205
1.2 765.586 4.23857
1.25 765.229 4.50015
1.3 764.85 4.7777
1.35 764.448 5.07216
1.4 764.021 5.38455
1.45 763.569 5.71593
1.5 763.089 6.06742
1.55 762.579 6.4402
1.6 762.039 6.83552
1.65 761.466 7.25471
1.7 760.859 7.69914
1.75 760.214 8.17028
1.8 759.531 8.66968
1.85 758.807 9.19895
1.9 758.039 9.7598
1.95 757.225 10.354
2 756.363 10.9835
2.05 755.449 11.6502
2.1 754.481 12.3562
2.15 753.455 13.1036
2.2 752.369 13.8948
2.25 751.219 14.7321
2.3 750.002 15.618
2.35 748.713 16.5551
2.4 747.35 17.5461
2.45 745.907 18.5937
2.5 744.382 19.701
2.55 742.769 20.8709
2.6 741.063 22.1065
2.65 739.261 23.4112
2.7 737.358 24.7882
2.75 735.347 26.241
2.8 733.224 27.7732
2.85 730.984 29.3883
2.9 728.621 31.0902
2.95 726.129 32.8825
3 723.503 34.7691
3.05 720.736 36.7539
3.1 717.822 38.8408
3.15 714.755 41.0338
3.2 711.529 43.3367
3.25 708.137 45.7535
3.3 704.573 48.288
3.35 700.831 50.944
3.4 696.903 53.7251
3.45 692.785 56.6349
3.5 688.469 59.6765
3.55 683.949 62.8532
3.6 679.221 66.1677
3.65 674.277 69.6226
3.7 669.113 73.22
3.75 663.724 76.9618
3.8 658.105 80.8491
3.85 652.252 84.8827
3.9 646.162 89.063
3.95 639.832 93.3895
4 633.259 97.8611
4.05 626.442 102.476
4.1 619.38 107.232
4.15 612.074 112.125
4.2 604.525 117.151
4.25 596.735 122.306
4.3 588.707 127.582
4.35 580.445 132.974
4.4 571.955 138.472
4.45 563.243 144.068
4.5 554.317 149.753
4.55 545.185 155.514
4.6 535.859 161.342
4.65 526.349 167.222
4.7 516.667 173.141
4.75 506.827 179.085
4.8 496.843 185.04
4.85 486.73 190.99
4.9 476.504 196.918
4.95 466.183 202.809
5 455.783 208.646
5.05 445.322 214.412
5.1 434.819 220.091
5.15 424.292 225.666
5.2 413.76 231.121
5.25 403.24 236.439
5.3 392.753 241.607
5.35 382.315 246.609
5.4 371.944 251.432
5.45 361.657 256.061
5.5 351.47 260.487
5.55 341.399 264.697
5.6 331.459 268.681
5.65 321.662 272.432
5.7 312.023 275.942
5.75 302.552 279.204
5.8 293.26 282.214
5.85 284.156 284.968
5.9 275.249 287.464
5.95 266.545 289.699
6 258.051 291.675
6.05 249.772 293.392
6.1 241.711 294.851
6.15 233.871 296.057
6.2 226.255 297.012
6.25 218.863 297.721
6.3 211.695 298.19
6.35 204.751 298.425
6.4 198.03 298.431
6.45 191.529 298.217
6.5 185.246 297.791
6.55 179.178 297.158
6.6 173.321 296.329
6.65 167.672 295.311
6.7 162.225 294.114
6.75 156.977 292.744
6.8 151.922 291.213
6.85 147.055 289.527
6.9 142.372 287.696
6.95 137.866 285.728
7 133.533 283.633
7.05 129.367 281.417
7.1 125.362 279.09
7.15 121.514 276.659
7.2 117.816 274.132
7.25 114.263 271.517
7.3 110.85 268.82
7.35 107.572 266.05
7.4 104.424 263.212
7.45 101.401 260.313
7.5 98.4973 257.359
7.55 95.7089 254.357
7.6 93.031 251.312
7.65 90.4593 248.229
7.7 87.9892 245.114
7.75 85.6168 241.972
7.8 83.338 238.806
7.85 81.1488 235.622
7.9 79.0455 232.424
7.95 77.0246 229.215
8 75.0825 226
8.05 73.216 222.782
8.1 71.4218 219.563
8.15 69.6968 216.348
8.2 68.0381 213.139
8.25 66.443 209.938
8.3 64.9086 206.749
8.35 63.4324 203.573
8.4 62.012 200.413
8.45 60.6449 197.271
8.5 59.3289 194.149
8.55 58.0618 191.047
8.6 56.8417 187.969
8.65 55.6664 184.915
8.7 54.5341 181.887
8.75 53.443 178.885
8.8 52.3914 175.912
8.85 51.3776 172.968
8.9 50.4 170.054
8.95 49.4573 167.17
9 48.5478 164.318
9.05 47.6703 161.499
9.1 46.8235 158.712
9.15 46.006 155.958
9.2 45.2167 153.238
9.25 44.4546 150.553
9.3 43.7184 147.901
9.35 43.0071 145.285
9.4 42.3198 142.703
9.45 41.6555 140.157
9.5 41.0133 137.645
9.55 40.3923 135.169
9.6 39.7917 132.729
9.65 39.2107 130.323
9.7 38.6486 127.953
9.75 38.1047 125.618
9.8 37.5781 123.318
9.85 37.0684 121.053
9.9 36.5748 118.823
9.95 36.0967 116.628
10 35.6336 114.467
10.05 35.185 112.34
10.1 34.7502 110.247
10.15 34.3288 108.188
10.2 33.9202 106.162
10.25 33.5241 104.17
10.3 33.14 102.21
10.35 32.7674 100.283
10.4 32.4059 98.388
10.45 32.0552 96.525
10.5 31.7148 94.6935
10.55 31.3845 92.8933
10.6 31.0638 91.1238
10.65 30.7524 89.3849
10.7 30.45 87.6761
10.75 30.1564 85.9971
10.8 29.8711 84.3474
10.85 29.594 82.7268
10.9 29.3246 81.1347
10.95 29.0629 79.5709
11 28.8086 78.0349
11.05 28.5613 76.5264
11.1 28.3208 75.045
11.15 28.087 73.5903
11.2 27.8597 72.1619
11.25 27.6385 70.7594
11.3 27.4234 69.3824
11.35 27.2141 68.0306
11.4 27.0105 66.7036
11.45 26.8123 65.4009
11.5 26.6194 64.1223
11.55 26.4316 62.8673
11.6 26.2488 61.6356
11.65 26.0709 60.4267
11.7 25.8976 59.2404
11.75 25.7288 58.0763
11.8 25.5645 56.9339
11.85 25.4044 55.813
11.9 25.2484 54.7132
11.95 25.0964 53.6341
12 24.9484 52.5754
12.05 24.8041 51.5367
12.1 24.6635 50.5178
12.15 24.5264 49.5182
12.2 24.3928 48.5376
12.25 24.2626 47.5758
12.3 24.1356 46.6323
12.35 24.0118 45.7069
12.4 23.8911 44.7992
12.45 23.7733 43.9089
12.5 23.6585 43.0358
12.55 23.5465 42.1795
12.6 23.4373 41.3397
12.65 23.3307 40.5161
12.7 23.2267 39.7085
12.75 23.1253 38.9165
12.8 23.0263 38.1399
12.85 22.9297 37.3784
12.9 22.8354 36.6316
12.95 22.7434 35.8994
13 22.6536 35.1815
13.05 22.5659 34.4776
13.1 22.4803 33.7874
13.15 22.3968 33.1108
13.2 22.3152 32.4473
13.25 22.2355 31.7969
13.3 22.1578 31.1593
13.35 22.0818 30.5341
13.4 22.0077 29.9213
13.45 21.9352 29.3205
13.5 21.8645 28.7315
13.55 21.7954 28.1542
13.6 21.7279 27.5882
13.65 21.6619 27.0334
13.7 21.5975 26.4896
13.75 21.5346 25.9565
13.8 21.4731 25.4339
13.85 21.413 24.9217
13.9 21.3543 24.4197
13.95 21.297 23.9276
14 21.2409 23.4453
14.05 21.1861 22.9726
14.1 21.1326 22.5092
14.15 21.0803 22.0551
14.2 21.0291 21.61
14.25 20.9791 21.1738
14.3 20.9303 20.7462
14.35 20.8825 20.3272
14.4 20.8358 19.9165
14.45 20.7902 19.514
14.5 20.7455 19.1196
14.55 20.7019 18.733
14.6 20.6593 18.3542
14.65 20.6175 17.9829
14.7 20.5768 17.6191
14.75 20.5369 17.2626
14.8 20.4979 16.9132
14.85 20.4597 16.5707
14.9 20.4224 16.2352
14.95 20.386 15.9064
15 20.3503 15.5842
15.05 20.3154 15.2684
15.1 20.2813 14.959
15.15 20.2479 14.6558
15.2 20.2153 14.3587
15.25 20.1834 14.0675
15.3 20.1521 13.7822
15.35 20.1216 13.5027
15.4 20.0917 13.2288
15.45 20.0625 12.9603
15.5 20.0338 12.6973
15.55 20.0059 12.4396
15.6 19.9785 12.1871
15.65 19.9517 11.9397
15.7 19.9255 11.6973
15.75 19.8999 11.4597
15.8 19.8748 11.2269
15.85 19.8502 10.9989
15.9 19.8262 10.7754
15.95 19.8027 10.5565
16 19.7797 10.342
16.05 19.7572 10.1318
16.1 19.7352 9.92581
16.15 19.7137 9.72403
16.2 19.6926 9.52633
16.25 19.6719 9.33262
16.3 19.6517 9.14283
16.35 19.632 8.95688
16.4 19.6126 8.77469
16.45 19.5937 8.59619
16.5 19.5752 8.42131
16.55 19.557 8.24996
16.6 19.5393 8.08208
16.65 19.5219 7.91761
16.7 19.5049 7.75646
16.75 19.4883 7.59859
16.8 19.472 7.44391
16.85 19.456 7.29236
16.9 19.4404 7.14389
16.95 19.4252 6.99843
17 19.4102 6.85592
17.05 19.3956 6.7163
17.1 19.3812 6.57951
17.15 19.3672 6.4455
17.2 19.3535 6.31421
17.25 19.34 6.18558
17.3 19.3269 6.05956
17.35 19.314 5.93611
17.4 19.3014 5.81516
17.45 19.289 5.69666
17.5 19.277 5.58057
17.55 19.2651 5.46684
17.6 19.2535 5.35543
17.65 19.2422 5.24627
17.7 19.2311 5.13933
17.75 19.2202 5.03457
17.8 19.2096 4.93194
17.85 19.1992 4.83139
17.9 19.1889 4.73289
17.95 19.179 4.63639
18 19.1692 4.54185
18.05 19.1596 4.44924
18.1 19.1502 4.3585
18.15 19.141 4.26962
18.2 19.1321 4.18254
18.25 19.1232 4.09724
18.3 19.1146 4.01367
18.35 19.1062 3.9318
18.4 19.0979 3.8516
18.45 19.0898 3.77303
18.5 19.0819 3.69606
18.55 19.0742 3.62066
18.6 19.0666 3.54679
18.65 19.0591 3.47442
18.7 19.0518 3.40353
18.75 19.0447 3.33409
18.8 19.0377 3.26605
18.85 19.0309 3.19941
18.9 19.0242 3.13412
18.95 19.0176 3.07016
19 19.0112 3.0075
19.05 19.0049 2.94612
19.1 18.9988 2.88599
19.15 18.9927 2.82709
19.2 18.9868 2.76939
19.25 18.981 2.71286
19.3 18.9754 2.65749
19.35 18.9698 2.60324
19.4 18.9644 2.5501
19.45 18.9591 2.49804
19.5 18.9539 2.44704
19.55 18.9488 2.39709
19.6 18.9438 2.34815
19.65 18.9389 2.30021
19.7 18.9341 2.25325
19.75 18.9294 2.20724
19.8 18.9248 2.16218
19.85 18.9203 2.11803
19.9 18.9159 2.07478
19.95 18.9116 2.03241
20 18.9073 1.99091
20.05 18.9032 1.95026
20.1 18.8991 1.91043
20.15 18.8952 1.87142
20.2 18.8913 1.8332
20.25 18.8875 1.79576
20.3 18.8837 1.75909
20.35 18.8801 1.72317
20.4 18.8765 1.68797
20.45 18.873 1.6535
20.5 18.8696 1.61973
20.55 18.8662 1.58665
20.6 18.8629 1.55424
20.65 18.8597 1.52249
20.7 18.8565 1.4914
20.75 18.8534 1.46093
20.8 18.8504 1.43109
20.85 18.8474 1.40186
20.9 18.8445 1.37322
20.95 18.8417 1.34517
21 18.8389 1.31769
21.05 18.8362 1.29078
21.1 18.8335 1.26441
21.15 18.8309 1.23858
21.2 18.8283 1.21328
21.25 18.8258 1.18849
21.3 18.8233 1.16421
21.35 18.8209 1.14043
21.4 18.8186 1.11713
21.45 18.8162 1.09431
21.5 18.814 1.07195
21.55 18.8118 1.05005
21.6 18.8096 1.02859
21.65 18.8075 1.00758
21.7 18.8054 0.986994
21.75 18.8033 0.966828
21.8 18.8013 0.947074
21.85 18.7994 0.927724
21.9 18.7975 0.908768
21.95 18.7956 0.8902
22 18.7937 0.872011
22.05 18.7919 0.854194
22.1 18.7902 0.83674
22.15 18.7884 0.819643
22.2 18.7867 0.802895
22.25 18.7851 0.786489
22.3 18.7835 0.770418
22.35 18.7819 0.754675
22.4 18.7803 0.739254
22.45 18.7788 0.724148
22.5 18.7773 0.709351
22.55 18.7758 0.694856
22.6 18.7744 0.680656
22.65 18.773 0.666747
22.7 18.7716 0.653122
22.75 18.7703 0.639776
22.8 18.7689 0.626702
22.85 18.7676 0.613895
22.9 18.7664 0.60135
22.95 18.7651 0.589061
23 18.7639 0.577023
23.05 18.7627 0.565231
23.1 18.7616 0.55368
23.15 18.7604 0.542364
23.2 18.7593 0.53128
23.25 18.7582 0.520423
23.3 18.7571 0.509787
23.35 18.7561 0.499369
23.4 18.755 0.489163
23.45 18.754 0.479166
23.5 18.753 0.469374
23.55 18.7521 0.459781
23.6 18.7511 0.450384
23.65 18.7502 0.44118
23.7 18.7493 0.432163
23.75 18.7484 0.423331
23.8 18.7475 0.414679
23.85 18.7467 0.406204
23.9 18.7458 0.397902
23.95 18.745 0.389769
24 18.7442 0.381803
24.05 18.7434 0.374
24.1 18.7427 0.366356
24.15 18.7419 0.358868
24.2 18.7412 0.351534
24.25 18.7404 0.344349
24.3 18.7397 0.337311
24.35 18.739 0.330417
24.4 18.7383 0.323663
24.45 18.7377 0.317048
24.5 18.737 0.310568
24.55 18.7364 0.30422
24.6 18.7358 0.298002
24.65 18.7351 0.291911
24.7 18.7345 0.285945
24.75 18.734 0.280101
24.8 18.7334 0.274376
24.85 18.7328 0.268767
24.9 18.7323 0.263274
24.95 18.7317 0.257893
25 18.7312 0.252622
25.05 18.7307 0.247458
25.1 18.7302 0.2424
25.15 18.7297 0.237446
25.2 18.7292 0.232592
25.25 18.7287 0.227838
25.3 18.7282 0.223181
25.35 18.7278 0.218619
25.4 18.7273 0.214151
25.45 18.7269 0.209774
25.5 18.7264 0.205486
25.55 18.726 0.201286
25.6 18.7256 0.197171
25.65 18.7252 0.193141
25.7 18.7248 0.189193
25.75 18.7244 0.185326
25.8 18.724 0.181538
25.85 18.7236 0.177827
25.9 18.7233 0.174192
25.95 18.7229 0.170632
26 18.7226 0.167144
26.05 18.7222 0.163728
26.1 18.7219 0.160381
26.15 18.7216 0.157103
26.2 18.7212 0.153891
26.25 18.7209 0.150746
26.3 18.7206 0.147664
26.35 18.7203 0.144646
26.4 18.72 0.141689
26.45 18.7197 0.138793
26.5 18.7194 0.135956
26.55 18.7191 0.133177
26.6 18.7189 0.130455
26.65 18.7186 0.127788
26.7 18.7183 0.125176
26.75 18.7181 0.122617
26.8 18.7178 0.120111
26.85 18.7176 0.117656
26.9 18.7173 0.115251
26.95 18.7171 0.112895
27 18.7169 0.110587
27.05 18.7166 0.108327
27.1 18.7164 0.106112
27.15 18.7162 0.103943
27.2 18.716 0.101818
27.25 18.7158 0.0997371
27.3 18.7156 0.0976984
27.35 18.7154 0.0957013
27.4 18.7152 0.0937451
27.45 18.715 0.0918288
27.5 18.7148 0.0899517
27.55 18.7146 0.0881129
27.6 18.7144 0.0863118
27.65 18.7142 0.0845475
27.7 18.7141 0.0828192
27.75 18.7139 0.0811262
27.8 18.7137 0.0794679
27.85 18.7136 0.0778435
27.9 18.7134 0.0762522
27.95 18.7133 0.0746935
28 18.7131 0.0731667
28.05 18.713 0.071671
28.1 18.7128 0.0702059
28.15 18.7127 0.0687708
28.2 18.7125 0.067365
28.25 18.7124 0.065988
28.3 18.7122 0.0646391
28.35 18.7121 0.0633178
28.4 18.712 0.0620234
28.45 18.7119 0.0607556
28.5 18.7117 0.0595136
28.55 18.7116 0.0582971
28.6 18.7115 0.0571054
28.65 18.7114 0.055938
28.7 18.7113 0.0547946
28.75 18.7111 0.0536745
28.8 18.711 0.0525773
28.85 18.7109 0.0515025
28.9 18.7108 0.0504497
28.95 18.7107 0.0494184
29 18.7106 0.0484082
29.05 18.7105 0.0474187
29.1 18.7104 0.0464493
29.15 18.7103 0.0454998
29.2 18.7102 0.0445697
29.25 18.7101 0.0436586
29.3 18.71 0.0427662
29.35 18.71 0.0418919
29.4 18.7099 0.0410356
29.45 18.7098 0.0401967
29.5 18.7097 0.039375
29.55 18.7096 0.0385701
29.6 18.7095 0.0377817
29.65 18.7095 0.0370094
29.7 18.7094 0.0362528
29.75 18.7093 0.0355117
29.8 18.7092 0.0347858
29.85 18.7092 0.0340747
29.9 18.7091 0.0333782
29.95 18.709 0.0326958
30 18.709 0.0320275
30.05 18.7089 0.0313728
30.1 18.7088 0.0307315
30.15 18.7088 0.0301032
30.2 18.7087 0.0294879
30.25 18.7086 0.0288851
30.3 18.7086 0.0282946
30.35 18.7085 0.0277162
30.4 18.7085 0.0271496
30.45 18.7084 0.0265946
30.5 18.7084 0.026051
30.55 18.7083 0.0255184
30.6 18.7083 0.0249968
30.65 18.7082 0.0244858
30.7 18.7082 0.0239853
30.75 18.7081 0.023495
30.8 18.7081 0.0230147
30.85 18.708 0.0225442
30.9 18.708 0.0220834
30.95 18.7079 0.0216319
31 18.7079 0.0211897
31.05 18.7078 0.0207566
31.1 18.7078 0.0203322
31.15 18.7077 0.0199166
31.2 18.7077 0.0195095
31.25 18.7077 0.0191107
31.3 18.7076 0.01872
31.35 18.7076 0.0183373
31.4 18.7075 0.0179625
31.45 18.7075 0.0175953
31.5 18.7075 0.0172356
31.55 18.7074 0.0168833
31.6 18.7074 0.0165381
31.65 18.7074 0.0162
31.7 18.7073 0.0158689
31.75 18.7073 0.0155445
31.8 18.7073 0.0152267
31.85 18.7072 0.0149155
31.9 18.7072 0.0146106
31.95 18.7072 0.0143119
32 18.7071 0.0140193
32.05 18.7071 0.0137327
32.1 18.7071 0.013452
32.15 18.7071 0.013177
32.2 18.707 0.0129076
32.25 18.707 0.0126438
32.3 18.707 0.0123853
32.35 18.707 0.0121321
32.4 18.7069 0.0118841
32.45 18.7069 0.0116412
32.5 18.7069 0.0114032
32.55 18.7069 0.0111701
32.6 18.7068 0.0109418
32.65 18.7068 0.0107181
32.7 18.7068 0.010499
32.75 18.7068 0.0102844
32.8 18.7067 0.0100741
32.85 18.7067 0.00986819
32.9 18.7067 0.00966647
32.95 18.7067 0.00946886
33 18.7067 0.0092753
33.05 18.7067 0.00908569
33.1 18.7066 0.00889996
33.15 18.7066 0.00871802
33.2 18.7066 0.0085398
33.25 18.7066 0.00836523
33.3 18.7066 0.00819423
33.35 18.7065 0.00802672
33.4 18.7065 0.00786263
33.45 18.7065 0.0077019
33.5 18.7065 0.00754446
33.55 18.7065 0.00739023
33.6 18.7065 0.00723916
33.65 18.7064 0.00709117
33.7 18.7064 0.00694622
33.75 18.7064 0.00680422
33.8 18.7064 0.00666512
33.85 18.7064 0.00652887
33.9 18.7064 0.00639541
33.95 18.7064 0.00626467
34 18.7064 0.00613661
34.05 18.7063 0.00601116
34.1 18.7063 0.00588828
34.15 18.7063 0.00576791
34.2 18.7063 0.00565
34.25 18.7063 0.0055345
34.3 18.7063 0.00542136
34.35 18.7063 0.00531054
34.4 18.7063 0.00520198
34.45 18.7062 0.00509564
34.5 18.7062 0.00499147
34.55 18.7062 0.00488943
34.6 18.7062 0.00478948
34.65 18.7062 0.00469157
34.7 18.7062 0.00459567
34.75 18.7062 0.00450172
34.8 18.7062 0.0044097
34.85 18.7062 0.00431955
34.9 18.7062 0.00423125
34.95 18.7062 0.00414475
35 18.7061 0.00406003
35.05 18.7061 0.00397703
35.1 18.7061 0.00389573
35.15 18.7061 0.00381609
35.2 18.7061 0.00373808
35.25 18.7061 0.00366167
35.3 18.7061 0.00358681
35.35 18.7061 0.00351349
35.4 18.7061 0.00344167
35.45 18.7061 0.00337131
35.5 18.7061 0.00330239
35.55 18.7061 0.00323488
35.6 18.7061 0.00316876
35.65 18.706 0.00310398
35.7 18.706 0.00304053
35.75 18.706 0.00297837
35.8 18.706 0.00291749
35.85 18.706 0.00285785
35.9 18.706 0.00279943
35.95 18.706 0.0027422
36 18.706 0.00268614
36.05 18.706 0.00263123
36.1 18.706 0.00257744
36.15 18.706 0.00252475
36.2 18.706 0.00247314
36.25 18.706 0.00242258
36.3 18.706 0.00237306
36.35 18.706 0.00232455
36.4 18.706 0.00227703
36.45 18.706 0.00223048
36.5 18.706 0.00218489
36.55 18.706 0.00214022
36.6 18.7059 0.00209647
36.65 18.7059 0.00205361
36.7 18.7059 0.00201163
36.75 18.7059 0.00197051
36.8 18.7059 0.00193023
36.85 18.7059 0.00189077
36.9 18.7059 0.00185212
36.95 18.7059 0.00181426
37 18.7059 0.00177717
37.05 18.7059 0.00174084
37.1 18.7059 0.00170525
37.15 18.7059 0.00167039
37.2 18.7059 0.00163625
37.25 18.7059 0.0016028
37.3 18.7059 0.00157003
37.35 18.7059 0.00153794
37.4 18.7059 0.0015065
37.45 18.7059 0.0014757
37.5 18.7059 0.00144554
37.55 18.7059 0.00141599
37.6 18.7059 0.00138704
37.65 18.7059 0.00135869
37.7 18.7059 0.00133091
37.75 18.7059 0.0013037
37.8 18.7059 0.00127705
37.85 18.7059 0.00125095
37.9 18.7059 0.00122537
37.95 18.7059 0.00120033
38 18.7059 0.00117579
38.05 18.7059 0.00115175
38.1 18.7058 0.00112821
38.15 18.7058 0.00110514
38.2 18.7058 0.00108255
38.25 18.7058 0.00106042
38.3 18.7058 0.00103874
38.35 18.7058 0.00101751
38.4 18.7058 0.00099671
38.45 18.7058 0.000976335
38.5 18.7058 0.000956377
38.55 18.7058 0.000936826
38.6 18.7058 0.000917675
38.65 18.7058 0.000898916
38.7 18.7058 0.00088054
38.75 18.7058 0.000862539
38.8 18.7058 0.000844907
38.85 18.7058 0.000827635
38.9 18.7058 0.000810716
38.95 18.7058 0.000794143
39 18.7058 0.000777909
39.05 18.7058 0.000762007
39.1 18.7058 0.00074643
39.15 18.7058 0.000731171
39.2 18.7058 0.000716224
39.25 18.7058 0.000701583
39.3 18.7058 0.000687241
39.35 18.7058 0.000673192
39.4 18.7058 0.00065943
39.45 18.7058 0.00064595
39.5 18.7058 0.000632745
39.55 18.7058 0.00061981
39.6 18.7058 0.00060714
39.65 18.7058 0.000594729
39.7 18.7058 0.000582571
39.75 18.7058 0.000570662
39.8 18.7058 0.000558996
39.85 18.7058 0.000547569
39.9 18.7058 0.000536375
39.95 18.7058 0.000525411
40 18.7058 0.00051467
40.05 18.7058 0.000504149
40.1 18.7058 0.000493843
40.15 18.7058 0.000483748
40.2 18.7058 0.000473859
40.25 18.7058 0.000464172
40.3 18.7058 0.000454683
40.35 18.7058 0.000445388
40.4 18.7058 0.000436283
40.45 18.7058 0.000427365
40.5 18.7058 0.000418628
40.55 18.7058 0.000410071
40.6 18.7058 0.000401688
40.65 18.7058 0.000393476
40.7 18.7058 0.000385433
40.75 18.7058 0.000377554
40.8 18.7058 0.000369836
40.85 18.7058 0.000362275
40.9 18.7058 0.00035487
40.95 18.7058 0.000347615
41 18.7058 0.000340509
41.05 18.7058 0.000333548
41.1 18.7058 0.00032673
41.15 18.7058 0.000320051
41.2 18.7058 0.000313508
41.25 18.7058 0.000307099
41.3 18.7058 0.000300821
41.35 18.7058 0.000294672
41.4 18.7058 0.000288648
41.45 18.7058 0.000282747
41.5 18.7058 0.000276967
41.55 18.7058 0.000271306
41.6 18.7058 0.000265759
41.65 18.7058 0.000260327
41.7 18.7058 0.000255005
41.75 18.7058 0.000249792
41.8 18.7058 0.000244686
41.85 18.7058 0.000239684
41.9 18.7058 0.000234784
41.95 18.7058 0.000229984
42 18.7058 0.000225283
42.05 18.7058 0.000220678
42.1 18.7058 0.000216167
42.15 18.7058 0.000211748
42.2 18.7058 0.000207419
42.25 18.7058 0.000203179
42.3 18.7058 0.000199025
42.35 18.7058 0.000194957
42.4 18.7058 0.000190971
42.45 18.7058 0.000187068
42.5 18.7058 0.000183243
42.55 18.7058 0.000179498
42.6 18.7058 0.000175828
42.65 18.7058 0.000172234
42.7 18.7058 0.000168713
42.75 18.7058 0.000165264
42.8 18.7058 0.000161886
42.85 18.7058 0.000158576
42.9 18.7058 0.000155335
42.95 18.7058 0.000152159
43 18.7058 0.000149049
43.05 18.7058 0.000146002
43.1 18.7058 0.000143017
43.15 18.7057 0.000140094
43.2 18.7057 0.00013723
43.25 18.7057 0.000134424
43.3 18.7057 0.000131677
43.35 18.7057 0.000128985
43.4 18.7057 0.000126348
43.45 18.7057 0.000123765
43.5 18.7057 0.000121235
43.55 18.7057 0.000118757
43.6 18.7057 0.000116329
43.65 18.7057 0.000113951
43.7 18.7057 0.000111622
43.75 18.7057 0.00010934
43.8 18.7057 0.000107105
43.85 18.7057 0.000104915
43.9 18.7057 0.00010277
43.95 18.7057 0.00010067
44 18.7057 9.86117e-05
44.05 18.7057 9.65958e-05
44.1 18.7057 9.46212e-05
44.15 18.7057 9.26869e-05
44.2 18.7057 9.07921e-05
44.25 18.7057 8.89361e-05
44.3 18.7057 8.71181e-05
44.35 18.7057 8.53372e-05
44.4 18.7057 8.35927e-05
44.45 18.7057 8.18838e-05
44.5 18.7057 8.02099e-05
44.55 18.7057 7.85703e-05
44.6 18.7057 7.69641e-05
44.65 18.7057 7.53908e-05
44.7 18.7057 7.38496e-05
44.75 18.7057 7.23399e-05
44.8 18.7057 7.08611e-05
44.85 18.7057 6.94126e-05
44.9 18.7057 6.79936e-05
44.95 18.7057 6.66037e-05
45 18.7057 6.52421e-05
45.05 18.7057 6.39084e-05
45.1 18.7057 6.2602e-05
45.15 18.7057 6.13223e-05
45.2 18.7057 6.00687e-05
45.25 18.7057 5.88407e-05
45.3 18.7057 5.76379e-05
45.35 18.7057 5.64596e-05
45.4 18.7057 5.53055e-05
45.45 18.7057 5.41749e-05
45.5 18.7057 5.30674e-05
45.55 18.7057 5.19826e-05
45.6 18.7057 5.092e-05
45.65 18.7057 4.9879e-05
45.7 18.7057 4.88594e-05
45.75 18.7057 4.78606e-05
45.8 18.7057 4.68822e-05
45.85 18.7057 4.59238e-05
45.9 18.7057 4.4985e-05
45.95 18.7057 4.40654e-05
46 18.7057 4.31646e-05
46.05 18.7057 4.22822e-05
46.1 18.7057 4.14179e-05
46.15 18.7057 4.05712e-05
46.2 18.7057 3.97418e-05
46.25 18.7057 3.89294e-05
46.3 18.7057 3.81336e-05
46.35 18.7057 3.73541e-05
46.4 18.7057 3.65905e-05
46.45 18.7057 3.58425e-05
46.5 18.7057 3.51098e-05
46.55 18.7057 3.4392e-05
46.6 18.7057 3.3689e-05
46.65 18.7057 3.30003e-05
46.7 18.7057 3.23257e-05
46.75 18.7057 3.16649e-05
46.8 18.7057 3.10176e-05
46.85 18.7057 3.03835e-05
46.9 18.7057 2.97624e-05
46.95 18.7057 2.9154e-05
47 18.7057 2.8558e-05
47.05 18.7057 2.79742e-05
47.1 18.7057 2.74023e-05
47.15 18.7057 2.68422e-05
47.2 18.7057 2.62935e-05
47.25 18.7057 2.5756e-05
47.3 18.7057 2.52294e-05
47.35 18.7057 2.47137e-05
47.4 18.7057 2.42085e-05
47.45 18.7057 2.37136e-05
47.5 18.7057 2.32289e-05
47.55 18.7057 2.2754e-05
47.6 18.7057 2.22889e-05
47.65 18.7057 2.18332e-05
47.7 18.7057 2.13869e-05
47.75 18.7057 2.09497e-05
47.8 18.7057 2.05214e-05
47.85 18.7057 2.01019e-05
47.9 18.7057 1.9691e-05
47.95 18.7057 1.92885e-05
48 18.7057 1.88942e-05
48.05 18.7057 1.85079e-05
48.1 18.7057 1.81296e-05
48.15 18.7057 1.7759e-05
48.2 18.7057 1.73959e-05
48.25 18.7057 1.70403e-05
48.3 18.7057 1.6692e-05
48.35 18.7057 1.63507e-05
48.4 18.7057 1.60165e-05
48.45 18.7057 1.56891e-05
48.5 18.7057 1.53684e-05
48.55 18.7057 1.50542e-05
48.6 18.7057 1.47465e-05
48.65 18.7057 1.4445e-05
48.7 18.7057 1.41497e-05
48.75 18.7057 1.38605e-05
48.8 18.7057 1.35771e-05
48.85 18.7057 1.32996e-05
48.9 18.7057 1.30277e-05
48.95 18.7057 1.27614e-05
49 18.7057 1.25005e-05
49.05 18.7057 1.2245e-05
49.1 18.7057 1.19946e-05
49.15 18.7057 1.17494e-05
49.2 18.7057 1.15093e-05
49.25 18.7057 1.1274e-05
49.3 18.7057 1.10435e-05
49.35 18.7057 1.08178e-05
49.4 18.7057 1.05966e-05
49.45 18.7057 1.038e-05
49.5 18.7057 1.01678e-05
49.55 18.7057 9.95996e-06
49.6 18.7057 9.75635e-06
49.65 18.7057 9.55691e-06
49.7 18.7057 9.36154e-06
49.75 18.7057 9.17017e-06
49.8 18.7057 8.98271e-06
49.85 18.7057 8.79908e-06
49.9 18.7057 8.61921e-06
49.95 18.7057 8.44301e-06
0.05 769.962 1.0285
0.1 769.922 1.05781
0.15 769.881 1.08795
0.2 769.839 1.11895
0.25 769.796 1.15084
0.3 769.752 1.18362
0.35 769.706 1.21734
0.4 769.66 1.25202
0.45 769.611 1.28768
0.5 769.562 1.32435
0.55 769.511 1.36207
0.6 769.458 1.40085
0.65 769.405 1.44074
0.7 769.349 1.48176
0.75 769.292 1.52394
0.8 769.233 1.56732
0.85 769.173 1.61193
0.9 769.111 1.6578
0.95 769.047 1.70497
1 768.982 1.75348
1.05 768.914 1.80337
1.1 768.845 1.85467
1.15 768.774 1.90742
1.2 768.701 1.96166
1.25 768.625 2.01744
1.3 768.548 2.0748
1.35 768.468 2.13378
1.4 768.386 2.19443
1.45 768.302 2.25679
1.5 768.215 2.32092
1.55 768.126 2.38686
1.6 768.034 2.45466
1.65 767.94 2.52438
1.7 767.843 2.59606
1.75 767.743 2.66977
1.8 767.641 2.74556
1.85 767.535 2.82348
1.9 767.427 2.90361
1.95 767.316 2.98598
2 767.201 3.07068
2.05 767.083 3.15777
2.1 766.962 3.2473
2.15 766.838 3.33936
2.2 766.71 3.434
2.25 766.578 3.53131
2.3 766.443 3.63135
2.35 766.303 3.73419
2.4 766.16 3.83993
2.45 766.013 3.94863
2.5 765.862 4.06038
2.55 765.706 4.17526
2.6 765.547 4.29336
2.65 765.382 4.41476
2.7 765.213 4.53956
2.75 765.04 4.66785
2.8 764.861 4.79973
2.85 764.678 4.93529
2.9 764.489 5.07463
2.95 764.295 5.21786
3 764.095 5.36508
3.05 763.891 5.5164
3.1 763.68 5.67193
3.15 763.463 5.83179
3.2 763.241 5.99609
3.25 763.012 6.16495
3.3 762.777 6.3385
3.35 762.535 6.51686
3.4 762.286 6.70016
3.45 762.031 6.88853
3.5 761.769 7.0821
3.55 761.499 7.28103
3.6 761.222 7.48544
3.65 760.937 7.69549
3.7 760.644 7.91133
3.75 760.343 8.1331
3.8 760.034 8.36097
3.85 759.716 8.59509
3.9 759.39 8.83563
3.95 759.054 9.08276
4 758.709 9.33664
4.05 758.355 9.59747
4.1 757.991 9.86541
4.15 757.617 10.1406
4.2 757.233 10.4234
4.25 756.839 10.7138
4.3 756.433 11.0121
4.35 756.017 11.3185
4.4 755.589 11.6331
4.45 755.149 11.9563
4.5 754.698 12.2882
4.55 754.234 12.629
4.6 753.758 12.9789
4.65 753.269 13.3383
4.7 752.766 13.7073
4.75 752.251 14.0861
4.8 751.721 14.4751
4.85 751.177 14.8744
4.9 750.618 15.2843
4.95 750.044 15.7051
5 749.455 16.137
5.05 748.851 16.5804
5.1 748.23 17.0354
5.15 747.593 17.5023
5.2 746.938 17.9815
5.25 746.267 18.4733
5.3 745.577 18.9778
5.35 744.87 19.4955
5.4 744.144 20.0267
5.45 743.399 20.5715
5.5 742.634 21.1305
5.55 741.85 21.7038
5.6 741.044 22.2918
5.65 740.219 22.8948
5.7 739.371 23.5132
5.75 738.502 24.1473
5.8 737.61 24.7975
5.85 736.696 25.4641
5.9 735.758 26.1474
5.95 734.796 26.8478
6 733.809 27.5657
6.05 732.798 28.3015
6.1 731.761 29.0554
6.15 730.698 29.828
6.2 729.608 30.6194
6.25 728.491 31.4303
6.3 727.346 32.2608
6.35 726.173 33.1114
6.4 724.971 33.9825
6.45 723.739 34.8745
6.5 722.477 35.7878
6.55 721.184 36.7227
6.6 719.86 37.6797
6.65 718.504 38.6591
6.7 717.115 39.6613
6.75 715.693 40.6868
6.8 714.237 41.7359
6.85 712.747 42.809
6.9 711.221 43.9065
6.95 709.66 45.0288
7 708.062 46.1763
7.05 706.427 47.3493
7.1 704.755 48.5482
7.15 703.044 49.7735
7.2 701.294 51.0254
7.25 699.505 52.3043
7.3 697.676 53.6106
7.35 695.806 54.9447
7.4 693.894 56.3068
7.45 691.94 57.6973
7.5 689.944 59.1164
7.55 687.905 60.5646
7.6 685.822 62.0421
7.65 683.694 63.5492
7.7 681.522 65.0861
7.75 679.304 66.6531
7.8 677.04 68.2505
7.85 674.73 69.8784
7.9 672.372 71.5371
7.95 669.967 73.2267
8 667.514 74.9474
8.05 665.013 76.6993
8.1 662.463 78.4826
8.15 659.863 80.2974
8.2 657.214 82.1437
8.25 654.514 84.0215
8.3 651.765 85.931
8.35 648.964 87.872
8.4 646.113 89.8446
8.45 643.211 91.8486
8.5 640.257 93.8841
8.55 637.251 95.9507
8.6 634.194 98.0484
8.65 631.085 100.177
8.7 627.924 102.336
8.75 624.711 104.526
8.8 621.446 106.746
8.85 618.129 108.995
8.9 614.761 111.274
8.95 611.34 113.581
9 607.868 115.917
9.05 604.345 118.281
9.1 600.771 120.673
9.15 597.146 123.091
9.2 593.471 125.535
9.25 589.746 128.005
9.3 585.972 130.499
9.35 582.148 133.017
9.4 578.276 135.559
9.45 574.357 138.123
9.5 570.39 140.708
9.55 566.377 143.314
9.6 562.319 145.94
9.65 558.216 148.583
9.7 554.069 151.245
9.75 549.879 153.922
9.8 545.647 156.615
9.85 541.374 159.322
9.9 537.061 162.041
9.95 532.71 164.772
10 528.321 167.513
10.05 523.896 170.263
10.1 519.436 173.02
10.15 514.942 175.784
10.2 510.416 178.552
10.25 505.86 181.323
10.3 501.273 184.096
10.35 496.659 186.869
10.4 492.019 189.641
10.45 487.353 192.41
10.5 482.665 195.174
10.55 477.955 197.933
10.6 473.225 200.684
10.65 468.476 203.425
10.7 463.711 206.156
10.75 458.931 208.874
10.8 454.138 211.579
10.85 449.334 214.267
10.9 444.52 216.938
10.95 439.698 219.591
11 434.871 222.222
11.05 430.039 224.832
11.1 425.205 227.418
11.15 420.37 229.979
11.2 415.536 232.513
11.25 410.705 235.019
11.3 405.879 237.495
11.35 401.059 239.939
11.4 396.248 242.351
11.45 391.446 244.729
11.5 386.656 247.072
11.55 381.88 249.378
11.6 377.118 251.646
11.65 372.373 253.874
11.7 367.646 256.062
11.75 362.939 258.209
11.8 358.253 260.312
11.85 353.591 262.372
11.9 348.952 264.387
11.95 344.339 266.356
12 339.753 268.278
12.05 335.196 270.153
12.1 330.668 271.979
12.15 326.171 273.756
12.2 321.707 275.483
12.25 317.275 277.16
12.3 312.879 278.785
12.35 308.517 280.358
12.4 304.193 281.879
12.45 299.905 283.348
12.5 295.656 284.763
12.55 291.447 286.125
12.6 287.277 287.433
12.65 283.149 288.688
12.7 279.062 289.888
12.75 275.017 291.034
12.8 271.015 292.126
12.85 267.056 293.163
12.9 263.142 294.146
12.95 259.272 295.074
13 255.446 295.949
13.05 251.666 296.769
13.1 247.932 297.536
13.15 244.244 298.249
13.2 240.601 298.909
13.25 237.006 299.516
13.3 233.456 300.07
13.35 229.954 300.572
13.4 226.498 301.022
13.45 223.089 301.421
13.5 219.726 301.769
13.55 216.411 302.066
13.6 213.143 302.314
13.65 209.921 302.513
13.7 206.746 302.663
13.75 203.617 302.765
13.8 200.534 302.82
13.85 197.498 302.828
13.9 194.508 302.79
13.95 191.563 302.707
14 188.664 302.579
14.05 185.809 302.408
14.1 183 302.193
14.15 180.235 301.936
14.2 177.514 301.638
14.25 174.837 301.299
14.3 172.203 300.92
14.35 169.612 300.501
14.4 167.063 300.045
14.45 164.557 299.551
14.5 162.092 299.02
14.55 159.669 298.453
14.6 157.286 297.851
14.65 154.944 297.215
14.7 152.641 296.546
14.75 150.378 295.843
14.8 148.154 295.109
14.85 145.967 294.344
14.9 143.819 293.549
14.95 141.708 292.724
15 139.634 291.871
15.05 137.597 290.99
15.1 135.595 290.082
15.15 133.628 289.148
15.2 131.696 288.189
15.25 129.798 287.204
15.3 127.934 286.196
15.35 126.104 285.165
15.4 124.306 284.111
15.45 122.54 283.036
15.5 120.806 281.94
15.55 119.103 280.824
15.6 117.43 279.688
15.65 115.788 278.533
15.7 114.176 277.36
15.75 112.592 276.17
15.8 111.037 274.963
15.85 109.511 273.74
15.9 108.012 272.501
15.95 106.54 271.248
16 105.095 269.981
16.05 103.677 268.699
16.1 102.284 267.405
16.15 100.916 266.099
16.2 99.5736 264.781
16.25 98.2553 263.451
16.3 96.961 262.111
16.35 95.6903 260.76
16.4 94.4427 259.4
16.45 93.2178 258.031
16.5 92.0151 256.654
16.55 90.8343 255.268
16.6 89.675 253.875
16.65 88.5366 252.474
16.7 87.419 251.067
16.75 86.3216 249.654
16.8 85.2441 248.235
16.85 84.186 246.81
16.9 83.1471 245.381
16.95 82.127 243.948
17 81.1253 242.51
17.05 80.1416 241.068
17.1 79.1756 239.624
17.15 78.227 238.176
17.2 77.2954 236.726
17.25 76.3805 235.274
17.3 75.482 233.819
17.35 74.5995 232.364
17.4 73.7328 230.907
17.45 72.8815 229.449
17.5 72.0454 227.991
17.55 71.2241 226.532
17.6 70.4174 225.073
17.65 69.625 223.615
17.7 68.8465 222.157
17.75 68.0818 220.701
17.8 67.3305 219.245
17.85 66.5924 217.79
17.9 65.8672 216.338
17.95 65.1547 214.887
18 64.4547 213.438
18.05 63.7668 211.991
18.1 63.0909 210.547
18.15 62.4268 209.106
18.2 61.7741 207.668
18.25 61.1326 206.233
18.3 60.5023 204.801
18.35 59.8827 203.372
18.4 59.2738 201.947
18.45 58.6753 200.526
18.5 58.087 199.109
18.55 57.5087 197.697
18.6 56.9402 196.288
18.65 56.3814 194.884
18.7 55.832 193.485
18.75 55.2919 192.09
18.8 54.7608 190.7
18.85 54.2387 189.315
18.9 53.7253 187.935
18.95 53.2204 186.561
19 52.724 185.192
19.05 52.2358 183.828
19.1 51.7557 182.47
19.15 51.2835 181.117
19.2 50.8191 179.771
19.25 50.3623 178.43
19.3 49.913 177.095
19.35 49.471 175.766
19.4 49.0362 174.443
19.45 48.6085 173.126
19.5 48.1878 171.816
19.55 47.7738 170.511
19.6 47.3665 169.214
19.65 46.9657 167.922
19.7 46.5714 166.637
19.75 46.1834 165.359
19.8 45.8015 164.087
19.85 45.4258 162.822
19.9 45.056 161.564
19.95 44.692 160.312
20 44.3338 159.067
20.05 43.9812 157.829
20.1 43.6341 156.598
20.15 43.2924 155.374
20.2 42.9561 154.156
20.25 42.625 152.946
20.3 42.299 151.742
20.35 41.9781 150.546
20.4 41.6621 149.356
20.45 41.351 148.174
20.5 41.0446 146.998
20.55 40.743 145.83
20.6 40.4459 144.669
20.65 40.1533 143.515
20.7 39.8652 142.368
20.75 39.5814 141.228
20.8 39.3019 140.095
20.85 39.0266 138.969
20.9 38.7555 137.851
20.95 38.4883 136.739
21 38.2252 135.635
21.05 37.9659 134.538
21.1 37.7106 133.448
21.15 37.4589 132.365
21.2 37.211 131.29
21.25 36.9668 130.221
21.3 36.7261 129.159
21.35 36.4889 128.105
21.4 36.2552 127.058
21.45 36.0248 126.017
21.5 35.7979 124.984
21.55 35.5741 123.958
21.6 35.3537 122.939
21.65 35.1363 121.927
21.7 34.9221 120.922
21.75 34.711 119.924
21.8 34.5029 118.933
21.85 34.2977 117.949
21.9 34.0954 116.971
21.95 33.896 116.001
22 33.6994 115.038
22.05 33.5056 114.081
22.1 33.3145 113.131
22.15 33.126 112.188
22.2 32.9402 111.252
22.25 32.757 110.323
22.3 32.5763 109.401
22.35 32.3981 108.485
22.4 32.2223 107.576
22.45 32.049 106.673
22.5 31.8781 105.777
22.55 31.7095 104.888
22.6 31.5432 104.006
22.65 31.3792 103.13
22.7 31.2173 102.26
22.75 31.0577 101.397
22.8 30.9003 100.541
22.85 30.7449 99.6906
22.9 30.5917 98.8469
22.95 30.4405 98.0096
23 30.2913 97.1787
23.05 30.1441 96.3541
23.1 29.9989 95.5358
23.15 29.8556 94.7237
23.2 29.7142 93.9179
23.25 29.5747 93.1183
23.3 29.437 92.3248
23.35 29.3011 91.5374
23.4 29.167 90.7562
23.45 29.0346 89.9809
23.5 28.904 89.2118
23.55 28.7751 88.4486
23.6 28.6478 87.6913
23.65 28.5222 86.94
23.7 28.3982 86.1946
23.75 28.2758 85.4551
23.8 28.155 84.7213
23.85 28.0358 83.9934
23.9 27.918 83.2712
23.95 27.8018 82.5547
24 27.687 81.8439
24.05 27.5737 81.1388
24.1 27.4618 80.4393
24.15 27.3514 79.7453
24.2 27.2423 79.0569
24.25 27.1347 78.374
24.3 27.0283 77.6966
24.35 26.9233 77.0247
24.4 26.8196 76.3581
24.45 26.7172 75.6969
24.5 26.6161 75.0411
24.55 26.5163 74.3905
24.6 26.4176 73.7453
24.65 26.3202 73.1052
24.7 26.224 72.4704
24.75 26.129 71.8407
24.8 26.0351 71.2161
24.85 25.9424 70.5967
24.9 25.8509 69.9823
24.95 25.7604 69.3729
25 25.671 68.7685
25.05 25.5828 68.1691
25.1 25.4956 67.5746
25.15 25.4094 66.985
25.2 25.3243 66.4003
25.25 25.2403 65.8204
25.3 25.1572 65.2452
25.35 25.0751 64.6748
25.4 24.994 64.1092
25.45 24.9139 63.5482
25.5 24.8348 62.9919
25.55 24.7565 62.4402
25.6 24.6792 61.8931
25.65 24.6029 61.3505
25.7 24.5274 60.8125
25.75 24.4528 60.2789
25.8 24.3791 59.7498
25.85 24.3063 59.2252
25.9 24.2343 58.7049
25.95 24.1632 58.189
26 24.0929 57.6774
26.05 24.0234 57.1701
26.1 23.9547 56.6671
26.15 23.8869 56.1683
26.2 23.8198 55.6737
26.25 23.7535 55.1832
26.3 23.6879 54.697
26.35 23.6231 54.2148
26.4 23.5591 53.7367
26.45 23.4958 53.2626
26.5 23.4332 52.7925
26.55 23.3714 52.3265
26.6 23.3102 51.8643
26.65 23.2498 51.4061
26.7 23.19 50.9518
26.75 23.1309 50.5014
26.8 23.0725 50.0548
26.85 23.0148 49.612
26.9 22.9577 49.173
26.95 22.9013 48.7377
27 22.8455 48.3061
27.05 22.7903 47.8782
27.1 22.7357 47.454
27.15 22.6818 47.0334
27.2 22.6284 46.6164
27.25 22.5757 46.203
27.3 22.5235 45.7931
27.35 22.472 45.3868
27.4 22.421 44.9839
27.45 22.3705 44.5845
27.5 22.3207 44.1885
27.55 22.2714 43.7959
27.6 22.2226 43.4067
27.65 22.1744 43.0209
27.7 22.1267 42.6384
27.75 22.0795 42.2592
27.8 22.0328 41.8832
27.85 21.9867 41.5106
27.9 21.9411 41.1411
27.95 21.8959 40.7748
28 21.8513 40.4117
28.05 21.8071 40.0517
28.1 21.7635 39.6949
28.15 21.7203 39.3411
28.2 21.6775 38.9904
28.25 21.6353 38.6428
28.3 21.5935 38.2982
28.35 21.5521 37.9565
28.4 21.5112 37.6179
28.45 21.4708 37.2822
28.5 21.4307 36.9494
28.55 21.3911 36.6195
28.6 21.352 36.2924
28.65 21.3132 35.9683
28.7 21.2749 35.6469
28.75 21.237 35.3284
28.8 21.1995 35.0126
28.85 21.1624 34.6996
28.9 21.1256 34.3893
28.95 21.0893 34.0817
29 21.0534 33.7768
29.05 21.0178 33.4746
29.1 20.9826 33.1751
29.15 20.9478 32.8781
29.2 20.9134 32.5838
29.25 20.8793 32.292
29.3 20.8456 32.0028
29.35 20.8123 31.7161
29.4 20.7793 31.432
29.45 20.7466 31.1503
29.5 20.7143 30.8711
29.55 20.6823 30.5944
29.6 20.6507 30.3201
29.65 20.6194 30.0482
29.7 20.5884 29.7787
29.75 20.5577 29.5115
29.8 20.5274 29.2468
29.85 20.4974 28.9843
29.9 20.4677 28.7242
29.95 20.4383 28.4663
30 20.4092 28.2108
30.05 20.3804 27.9574
30.1 20.3519 27.7064
30.15 20.3237 27.4575
30.2 20.2958 27.2108
30.25 20.2682 26.9663
30.3 20.2409 26.724
30.35 20.2138 26.4838
30.4 20.1871 26.2457
30.45 20.1606 26.0097
30.5 20.1344 25.7759
30.55 20.1084 25.5441
30.6 20.0827 25.3143
30.65 20.0573 25.0866
30.7 20.0321 24.8609
30.75 20.0072 24.6372
30.8 19.9826 24.4154
30.85 19.9582 24.1957
30.9 19.9341 23.9779
30.95 19.9102 23.762
31 19.8865 23.548
31.05 19.8631 23.336
31.1 19.8399 23.1258
31.15 19.817 22.9175
31.2 19.7943 22.711
31.25 19.7718 22.5064
31.3 19.7495 22.3035
31.35 19.7275 22.1025
31.4 19.7057 21.9033
31.45 19.6841 21.7059
31.5 19.6628 21.5102
31.55 19.6416 21.3162
31.6 19.6207 21.124
31.65 19.6 20.9335
31.7 19.5795 20.7446
31.75 19.5591 20.5575
31.8 19.539 20.372
31.85 19.5191 20.1882
31.9 19.4994 20.006
31.95 19.4799 19.8255
32 19.4606 19.6465
32.05 19.4415 19.4692
32.1 19.4226 19.2934
32.15 19.4038 19.1192
32.2 19.3853 18.9466
32.25 19.3669 18.7755
32.3 19.3487 18.6059
32.35 19.3307 18.4378
32.4 19.3129 18.2713
32.45 19.2953 18.1062
32.5 19.2778 17.9426
32.55 19.2605 17.7805
32.6 19.2434 17.6198
32.65 19.2264 17.4606
32.7 19.2097 17.3027
32.75 19.193 17.1463
32.8 19.1766 16.9913
32.85 19.1603 16.8377
32.9 19.1442 16.6855
32.95 19.1282 16.5346
33 19.1124 16.385
33.05 19.0967 16.2369
33.1 19.0812 16.09
33.15 19.0659 15.9444
33.2 19.0507 15.8002
33.25 19.0356 15.6572
33.3 19.0207 15.5156
33.35 19.006 15.3752
33.4 18.9913 15.236
33.45 18.9769 15.0981
33.5 18.9626 14.9615
33.55 18.9484 14.8261
33.6 18.9343 14.6918
33.65 18.9204 14.5588
33.7 18.9066 14.427
33.75 18.893 14.2964
33.8 18.8795 14.1669
33.85 18.8661 14.0386
33.9 18.8529 13.9115
33.95 18.8398 13.7855
34 18.8268 13.6606
34.05 18.8139 13.5369
34.1 18.8012 13.4142
34.15 18.7886 13.2927
34.2 18.7761 13.1723
34.25 18.7637 13.0529
34.3 18.7515 12.9346
34.35 18.7393 12.8174
34.4 18.7273 12.7012
34.45 18.7154 12.5861
34.5 18.7037 12.472
34.55 18.692 12.359
34.6 18.6805 12.2469
34.65 18.669 12.1359
34.7 18.6577 12.0259
34.75 18.6465 11.9168
34.8 18.6354 11.8088
34.85 18.6244 11.7017
34.9 18.6135 11.5956
34.95 18.6027 11.4904
35 18.592 11.3862
35.05 18.5814 11.2829
35.1 18.5709 11.1806
35.15 18.5605 11.0791
35.2 18.5502 10.9786
35.25 18.5401 10.879
35.3 18.53 10.7803
35.35 18.52 10.6825
35.4 18.5101 10.5856
35.45 18.5003 10.4895
35.5 18.4906 10.3943
35.55 18.481 10.3
35.6 18.4715 10.2065
35.65 18.462 10.1139
35.7 18.4527 10.0221
35.75 18.4435 9.9311
35.8 18.4343 9.84095
35.85 18.4252 9.75161
35.9 18.4162 9.66307
35.95 18.4074 9.57534
36 18.3985 9.4884
36.05 18.3898 9.40225
36.1 18.3812 9.31687
36.15 18.3726 9.23226
36.2 18.3641 9.14842
36.25 18.3557 9.06534
36.3 18.3474 8.983
36.35 18.3392 8.90141
36.4 18.331 8.82056
36.45 18.3229 8.74044
36.5 18.3149 8.66104
36.55 18.307 8.58236
36.6 18.2991 8.5044
36.65 18.2913 8.42713
36.7 18.2836 8.35057
36.75 18.276 8.2747
36.8 18.2684 8.19951
36.85 18.2609 8.12501
36.9 18.2535 8.05118
36.95 18.2462 7.97801
37 18.2389 7.90551
37.05 18.2317 7.83366
37.1 18.2246 7.76247
37.15 18.2175 7.69192
37.2 18.2105 7.622
37.25 18.2035 7.55272
37.3 18.1967 7.48407
37.35 18.1898 7.41604
37.4 18.1831 7.34862
37.45 18.1764 7.28182
37.5 18.1698 7.21562
37.55 18.1632 7.15002
37.6 18.1568 7.08501
37.65 18.1503 7.02059
37.7 18.144 6.95676
37.75 18.1376 6.8935
37.8 18.1314 6.83082
37.85 18.1252 6.7687
37.9 18.1191 6.70715
37.95 18.113 6.64616
38 18.107 6.58571
38.05 18.101 6.52582
38.1 18.0951 6.46647
38.15 18.0892 6.40765
38.2 18.0835 6.34937
38.25 18.0777 6.29162
38.3 18.072 6.23439
38.35 18.0664 6.17768
38.4 18.0608 6.12148
38.45 18.0553 6.0658
38.5 18.0498 6.01061
38.55 18.0444 5.95593
38.6 18.039 5.90175
38.65 18.0337 5.84805
38.7 18.0284 5.79484
38.75 18.0232 5.74212
38.8 18.018 5.68987
38.85 18.0129 5.6381
38.9 18.0078 5.5868
38.95 18.0028 5.53596
39 17.9978 5.48558
39.05 17.9929 5.43566
39.1 17.988 5.3862
39.15 17.9831 5.33718
39.2 17.9783 5.28861
39.25 17.9736 5.24047
39.3 17.9689 5.19278
39.35 17.9642 5.14552
39.4 17.9596 5.09868
39.45 17.955 5.05227
39.5 17.9505 5.00629
39.55 17.946 4.96072
39.6 17.9415 4.91556
39.65 17.9371 4.87082
39.7 17.9327 4.82648
39.75 17.9284 4.78254
39.8 17.9241 4.739
39.85 17.9199 4.69586
39.9 17.9157 4.65311
39.95 17.9115 4.61074
40 17.9074 4.56877
40.05 17.9033 4.52717
40.1 17.8992 4.48595
40.15 17.8952 4.44511
40.2 17.8912 4.40463
40.25 17.8873 4.36453
40.3 17.8834 4.32478
40.35 17.8795 4.2854
40.4 17.8757 4.24638
40.45 17.8719 4.20771
40.5 17.8681 4.16939
40.55 17.8644 4.13143
40.6 17.8607 4.0938
40.65 17.8571 4.05652
40.7 17.8534 4.01958
40.75 17.8499 3.98297
40.8 17.8463 3.94669
40.85 17.8428 3.91075
40.9 17.8393 3.87513
40.95 17.8358 3.83983
41 17.8324 3.80486
41.05 17.829 3.7702
41.1 17.8257 3.73586
41.15 17.8223 3.70183
41.2 17.819 3.66812
41.25 17.8158 3.6347
41.3 17.8125 3.60159
41.35 17.8093 3.56878
41.4 17.8061 3.53627
41.45 17.803 3.50406
41.5 17.7999 3.47214
41.55 17.7968 3.44051
41.6 17.7937 3.40916
41.65 17.7907 3.37811
41.7 17.7877 3.34733
41.75 17.7847 3.31683
41.8 17.7818 3.28661
41.85 17.7788 3.25667
41.9 17.7759 3.227
41.95 17.7731 3.1976
42 17.7702 3.16846
42.05 17.7674 3.13959
42.1 17.7646 3.11099
42.15 17.7619 3.08264
42.2 17.7591 3.05455
42.25 17.7564 3.02672
42.3 17.7537 2.99914
42.35 17.7511 2.97181
42.4 17.7484 2.94473
42.45 17.7458 2.91789
42.5 17.7432 2.8913
42.55 17.7407 2.86496
42.6 17.7381 2.83885
42.65 17.7356 2.81298
42.7 17.7331 2.78734
42.75 17.7306 2.76194
42.8 17.7282 2.73677
42.85 17.7258 2.71183
42.9 17.7234 2.68711
42.95 17.721 2.66262
43 17.7186 2.63836
43.05 17.7163 2.61431
43.1 17.714 2.59048
43.15 17.7117 2.56687
43.2 17.7094 2.54348
43.25 17.7071 2.52029
43.3 17.7049 2.49732
43.35 17.7027 2.47456
43.4 17.7005 2.452
43.45 17.6983 2.42965
43.5 17.6962 2.40751
43.55 17.6941 2.38556
43.6 17.6919 2.36382
43.65 17.6899 2.34227
43.7 17.6878 2.32092
43.75 17.6857 2.29976
43.8 17.6837 2.2788
43.85 17.6817 2.25803
43.9 17.6797 2.23744
43.95 17.6777 2.21705
44 17.6757 2.19683
44.05 17.6738 2.17681
44.1 17.6719 2.15696
44.15 17.67 2.1373
44.2 17.6681 2.11781
44.25 17.6662 2.09851
44.3 17.6644 2.07938
44.35 17.6625 2.06042
44.4 17.6607 2.04163
44.45 17.6589 2.02302
44.5 17.6571 2.00458
44.55 17.6554 1.9863
44.6 17.6536 1.96819
44.65 17.6519 1.95025
44.7 17.6501 1.93247
44.75 17.6484 1.91485
44.8 17.6467 1.89739
44.85 17.6451 1.88009
44.9 17.6434 1.86295
44.95 17.6418 1.84596
45 17.6401 1.82913
45.05 17.6385 1.81245
45.1 17.6369 1.79592
45.15 17.6353 1.77955
45.2 17.6338 1.76332
45.25 17.6322 1.74724
45.3 17.6307 1.73131
45.35 17.6292 1.71552
45.4 17.6276 1.69988
45.45 17.6261 1.68438
45.5 17.6247 1.66902
45.55 17.6232 1.6538
45.6 17.6217 1.63872
45.65 17.6203 1.62378
45.7 17.6189 1.60897
45.75 17.6174 1.5943
45.8 17.616 1.57976
45.85 17.6146 1.56535
45.9 17.6133 1.55108
45.95 17.6119 1.53693
46 17.6105 1.52292
46.05 17.6092 1.50903
46.1 17.6079 1.49527
46.15 17.6066 1.48163
46.2 17.6053 1.46812
46.25 17.604 1.45473
46.3 17.6027 1.44146
46.35 17.6014 1.42832
46.4 17.6002 1.41529
46.45 17.5989 1.40238
46.5 17.5977 1.3896
46.55 17.5965 1.37692
46.6 17.5952 1.36436
46.65 17.594 1.35192
46.7 17.5929 1.33959
46.75 17.5917 1.32737
46.8 17.5905 1.31527
46.85 17.5893 1.30327
46.9 17.5882 1.29138
46.95 17.5871 1.27961
47 17.5859 1.26794
47.05 17.5848 1.25637
47.1 17.5837 1.24491
47.15 17.5826 1.23356
47.2 17.5815 1.22231
47.25 17.5805 1.21116
47.3 17.5794 1.20011
47.35 17.5783 1.18916
47.4 17.5773 1.17832
47.45 17.5763 1.16757
47.5 17.5752 1.15692
47.55 17.5742 1.14637
47.6 17.5732 1.13591
47.65 17.5722 1.12555
47.7 17.5712 1.11528
47.75 17.5703 1.10511
47.8 17.5693 1.09503
47.85 17.5683 1.08504
47.9 17.5674 1.07515
47.95 17.5664 1.06534
48 17.5655 1.05562
48.05 17.5646 1.04599
48.1 17.5636 1.03645
48.15 17.5627 1.027
48.2 17.5618 1.01763
48.25 17.5609 1.00835
48.3 17.56 0.999147
48.35 17.5592 0.990033
48.4 17.5583 0.981002
48.45 17.5574 0.972053
48.5 17.5566 0.963186
48.55 17.5557 0.954399
48.6 17.5549 0.945693
48.65 17.5541 0.937066
48.7 17.5533 0.928518
48.75 17.5524 0.920048
48.8 17.5516 0.911655
48.85 17.5508 0.903338
48.9 17.55 0.895098
48.95 17.5493 0.886932
49 17.5485 0.878841
49.05 17.5477 0.870824
49.1 17.5469 0.86288
49.15 17.5462 0.855008
49.2 17.5454 0.847208
49.25 17.5447 0.839479
49.3 17.544 0.831821
49.35 17.5432 0.824232
49.4 17.5425 0.816713
49.45 17.5418 0.809262
49.5 17.5411 0.801879
49.55 17.5404 0.794564
49.6 17.5397 0.787315
49.65 17.539 0.780132
49.7 17.5383 0.773015
49.75 17.5376 0.765963
49.8 17.5369 0.758975
49.85 17.5363 0.752051
49.9 17.5356 0.745189
49.95 17.535 0.738391
Caso 1,tiempo I_max(dias):6.4
Caso 2,tiempo I_max(dias):13.85
